-0.000436582
-0.000759864
0.000517898
-0.000239752
-0.000425685
-0.00158108
0.000327391
-0.000396497
-4.51595e-05
-0.002697
0.000558005
-0.000267641
-0.000812009
0.000128959
0.000125027
0.000139679
0.000102961
-0.000119896
0.000600843
0.00046996
-0.000286672
0.000344143
-0.000344162
7.12038e-05
0.000192101
4.36777e-05
0.000272825
-0.000104636
0.000238986
-6.80785e-05
0.00027165
-0.000145889
0.000212165
-9.71506e-05
0.00154305
-0.000229469
0.0001101
0.000351396
-0.000122388
-8.63515e-05
-0.000123408
5.92484e-05
0.00017439
-0.000290797
-0.000146985
5.74937e-05
0.000132544
-0.000278554
-0.000108984
-6.64639e-05
0.0104798
-0.142585
0.0403622
-0.150942
-0.0596594
-0.0609176
0.0452083
-0.171579
0.0206479
-16.1029
0.153672
-0.0419005
-0.108803
0.108634
0.0588321
0.0311546
-0.00952761
-0.180426
0.612859
0.0560973
-0.0224433
-0.168912
0.637447
0.13871
0.0087942
-0.0076612
0.0803779
-0.0243858
0.0931689
0.0481669
0.043521
-0.0276009
0.0990247
-0.0256478
10.0987
-0.0765251
0.0264963
0.0717984
-0.0640925
-0.0344996
-0.0209011
0.00676191
0.12029
-0.388934
-0.0363491
0.0152263
0.0936474
-0.368034
-0.084536
-0.00961841
-0.00431795
-0.011824
0.00530477
-0.00654193
-0.00528698
-0.0123045
0.0039897
-0.0085557
-0.00178962
-0.0627378
0.0122277
-0.00282682
-0.00748247
0.00416052
0.00314455
0.000789696
0.00122736
-0.00454493
0.0174009
